0049000009774
0028000002152
0087200001112
0085200001415
0081200000267
0078000004175
0049000001327
0049000006346
0012000547409
0733815002845
0078000001143
0049000023855
0049000014235
0049000006582
0049000001327
0815154020091
0012000005695
0080793803910
0073360771064
0078000001143
0049000014242
0049000002485
0012000028632
0012000005695
0049000006582
0078000001143
0049000000504
0049000052350
0967450000069
0050968100090
0098794000283
0049000062823
0009450000042
0620221203020
0098794294019
0049000004632
0753677367036
0836093021024
0009450000042
0009450000011
0049000001822
0098794000269
0071537060324
0049000050158
0049000000443
0049000031171
0632565000012
0786162200433
0012000001321
0012000009358
0049000065220
0078000152401
0049000040869
0016571940348
0012000001307
0049000050103
0049000006124
0049000019162
0049000027624
0049000062816
0077890188606
0025000034824
0049000063745
0049000043884
0070847811244
0078000082463
0012000427763
0071537020755
0078000082401
0071537060287
0071537020359
0078742040370
0012142040370
0049000016796
0012000000621
0016571940348
0078000082463
0786162200433
0070960000112
0673367617794
0049000050110
